0,0,6.39435436639933E-7
0,1,1.694088689279806E-6
0,2,6.560441492799311E-7
0,3,5.245585075466136E-7
0,4,4.7473236962661955E-7
1,0,1.0615735495732156E-6
1,1,3.0807085858116317E-4
1,2,3.055075805970568E-4
1,3,3.0479894219108357E-4
1,4,3.03900687649137E-4
2,0,1.0228198867465536E-6
2,1,3.081815833320965E-4
2,2,3.0782034383217653E-4
2,3,3.1037808557873625E-4
2,4,3.1245279059934934E-4
3,0,1.0754141434398806E-6
3,1,6.297470209332675E-7
3,2,3.067698427576967E-4
3,3,5.716165266932745E-7
3,4,3.1195314516076266E-4
4,0,3.2013293613596246E-6
4,1,7.764573159199166E-7
4,2,6.31131080319934E-7
4,3,5.411672201866115E-7
4,4,3.122977759480427E-4
